            699.3       704.3       709.3       714.3       
            719.3       724.3       729.3       734.3       
            739.3       744.3       749.3       754.3       
            759.3       764.3       769.3       774.3       
            779.3       784.3       789.3       794.3  
            799.3       804.3       809.3       814.3       
            819.3       824.3       829.3       834.3       
            839.3       844.3       849.3       854.3       
            859.3       864.3       869.3       874.3       
            879.3       884.3       889.3       894.3  
            899.3       904.3       909.3       914.3       
            919.3       924.3       929.3       934.3       
            939.3       944.3       949.3       954.3       
            959.3       964.3       969.3       974.3       
            979.3       984.3       989.3       994.3  
            999.3      1004.3      1009.3      1014.3      
           1019.3      1024.3      1029.3      1034.3      
           1039.3      1044.3      1049.3      1054.3      
           1059.3      1064.3      1069.3      1074.3      
           1079.3      1084.3      1089.3      1094.3  
           1099.3      1104.3      1109.3      1114.3      
           1119.3      1124.3      1129.3      1134.3      
           1139.3      1144.3      1149.3      1154.3      
           1159.3      1164.3      1169.3      1174.3      
           1179.3      1184.3      1189.3      1194.3  
           1199.3      1204.3      1209.3      1214.3      
           1219.3      1224.3      1229.3      1234.3      
           1239.3      1244.3      1249.3      1254.3      
           1259.3      1264.3      1269.3      1274.3      
           1279.3      1284.3      1289.3      1294.3  
           1299.3      1304.3      1309.3      1314.3      
           1319.3      1324.3      1329.3      1334.3      
           1339.3      1344.3      1349.3      1354.3      
           1359.3      1364.3      1369.3      1374.3      
           1379.3      1384.3      1389.3      1394.3  
           1399.3      1404.3      1409.3      1414.3      
           1419.3      1424.3      1429.3      1434.3      
           1439.3      1444.3      1449.3      1454.3      
           1459.3      1464.3      1469.3      1474.3      
           1479.3      1484.3      1489.3      1494.3  
           1499.3      1504.3      1509.3      1514.3      
           1519.3      1524.3      1529.3      1534.3      
           1539.3      1544.3      1549.3      1554.3      
           1559.3      1564.3      1569.3      1574.3      
           1579.3      1584.3      1589.3      1594.3  
           1599.3      1604.3      1609.3      1614.3      
           1619.3      1624.3      1629.3      1634.3      
           1639.3      1644.3      1649.3      1654.3      
           1659.3      1664.3      1669.3      1674.3      
           1679.3      1684.3      1689.3      1694.3  
           1699.3      1704.3      1709.3      1714.3      
           1719.3      1724.3      1729.3      1734.3      
           1739.3      1744.3      1749.3      1754.3      
           1759.3      1764.3      1769.3      1774.3      
           1779.3      1784.3      1789.3      1794.3  
           1799.3      1804.3      1809.3      1814.3      
           1819.3      1824.3      1829.3      1834.3      
           1839.3      1844.3      1849.3      1854.3      
           1859.3      1864.3      1869.3      1874.3      
           1879.3      1884.3      1889.3      1894.3  
           1899.3      1904.3      1909.3      1914.3      
           1919.3      1924.3      1929.3      1934.3      
           1939.3      1944.3      1949.3      1954.3      
           1959.3      1964.3      1969.3      1974.3      
           1979.3      1984.3      1989.3      1994.3  
           1999.3      2004.3      2009.3      2014.3      
           2019.3      2024.3      2029.3      2034.3      
           2039.3      2044.3      2049.3      2054.3      
           2059.3      2064.3      2069.3      2074.3      
           2079.3      2084.3      2089.3      2094.3  
           2099.3      2104.3      2109.3      2114.3      
           2119.3      2124.3      2129.3      2134.3      
           2139.3      2144.3      2149.3      2154.3      
           2159.3      2164.3      2169.3      2174.3      
           2179.3      2184.3      2189.3      2194.3  
           2199.3      2204.3      2209.3      2214.3      
           2219.3      2224.3      2229.3      2234.3      
           2239.3      2244.3      2249.3      2254.3      
           2259.3      2264.3      2269.3      2274.3      
           2279.3      2284.3      2289.3      2294.3  
           2299.3      2304.3      2309.3      2314.3      
           2319.3      2324.3      2329.3      2334.3      
           2339.3      2344.3      2349.3      2354.3      
           2359.3      2364.3      2369.3      2374.3      
           2379.3      2384.3      2389.3      2394.3  
           2399.3      2404.3      2409.3      2414.3      
           2419.3      2424.3      2429.3      2434.3      
           2439.3      2444.3      2449.3      2454.3      
           2459.3      2464.3      2469.3      2474.3      
           2479.3      2484.3      2489.3      2494.3  
           2499.3      2504.3      2509.3      2514.3      
           2519.3      2524.3      2529.3      2534.3      
           2539.3      2544.3      2549.3      2554.3      
           2559.3      2564.3      2569.3      2574.3      
           2579.3      2584.3      2589.3      2594.3  
           2599.3      2604.3      2609.3      2614.3      
           2619.3      2624.3      2629.3      2634.3      
           2639.3      2644.3      2649.3      2654.3      
           2659.3      2664.3      2669.3      2674.3      
           2679.3      2684.3      2689.3      2694.3  
           2699.3      2704.3      2709.3      2714.3      
           2719.3      2724.3      2729.3      2734.3      
           2739.3      2744.3      2749.3      2754.3      
           2759.3      2764.3      2769.3      2774.3