        0.9782182   0.9770744   0.9763290   0.9763215   
        0.9760258   0.9763704   0.9767076   0.9763077   
        0.9758835   0.9753462   0.9748067   0.9734465   
        0.9721510   0.9717180   0.9714773   0.9706340   
        0.9710826   0.9722888   0.9731166   0.9732918   
        0.9736975   0.9751787   0.9770049   0.9773170   
        0.9765164   0.9759824   0.9750199   0.9746831   
        0.9738413   0.9731615   0.9720387   0.9716908   
        0.9708628   0.9705366   0.9697853   0.9694459   
        0.9688896   0.9688236   0.9689180   0.9692774  
        0.9693237   0.9692513   0.9689918   0.9686664   
        0.9684489   0.9681804   0.9672847   0.9667084   
        0.9661347   0.9655386   0.9650131   0.9641176   
        0.9628995   0.9620982   0.9605948   0.9590283   
        0.9572537   0.9552648   0.9529146   0.9505763  
        0.9486620   0.9468448   0.9446425   0.9428397   
        0.9415421   0.9398234   0.9378662   0.9358756
        0.9338515   0.9317511   0.9296144   0.9274116   
        0.9248639   0.9219664   0.9197029   0.9187206   
        0.9195539   0.9211251   0.9227578   0.9242273  
        0.9256495   0.9265392   0.9276078   0.9279289   
        0.9282181   0.9284544   0.9289097   0.9299400   
        0.9314128   0.9329405   0.9349486   0.9377099   
        0.9380918   0.9354525   0.9330018   0.9316696   
        0.9308965   0.9296793   0.9282659   0.9273711  
        0.9268156   0.9265846   0.9264724   0.9278417   
        0.9298262   0.9342009   0.9397170   0.9451398   
        0.9501663   0.9547508   0.9586911   0.9618842   
        0.9649577   0.9675525   0.9696881   0.9708689   
        0.9717879   0.9722518   0.9724457   0.9728941  
        0.9731293   0.9731925   0.9730867   0.9733831   
        0.9735166   0.9740434   0.9742066   0.9746855   
        0.9748268   0.9749292   0.9751188   0.9752902   
        0.9751062   0.9751985   0.9752622   0.9750626   
        0.9755121   0.9755228   0.9760818   0.9759580  
        0.9758280   0.9755163   0.9754220   0.9750829   
        0.9743836   0.9745844   0.9742978   0.9740397   
        0.9744191   0.9745796   0.9749123   0.9750853   
        0.9746974   0.9747824   0.9746920    0.9735873   
        0.9733123   0.9725510   0.9718717   0.9713586  
        0.9706160   0.9701124   0.9698699   0.9698430   
        0.9694992   0.9691019   0.9690002   0.9678345   
        0.9668854   0.9659764   0.9666998   0.9669611   
        0.9665817   0.9679645   0.9695909   0.9711555   
        0.9724632   0.9737635   0.9746142   0.9748497  
        0.9752109   0.9752749   0.9754022   0.9753313   
        0.9746057   0.9745884   0.9747860   0.9752877   
        0.9753085   0.9759305   0.9752344   0.9748027   
        0.9757417   0.9751943   0.9748128   0.9743713   
        0.9741939   0.9725359   0.9723988   0.9716700  
        0.9708291   0.9705051   0.9699901   0.9689955   
        0.9683419   0.9684200   0.9672046   0.9660766   
        0.9658424   0.9648336   0.9640325   0.9642861   
        0.9636880   0.9638920   0.9638573   0.9641714   
        0.9648057   0.9648220   0.9639065   0.9635883  
        0.9626419   0.9616417   0.9600965   0.9587714   
        0.9576451   0.9557189   0.9545730   0.9550443   
        0.9551759   0.9560625   0.9576327   0.9587138   
        0.9594474   0.9598546   0.9601094   0.9601356   
        0.9597549   0.9590299   0.9581512   0.9572046  
        0.9557602   0.9538486   0.9521495   0.9503905   
        0.9491790   0.9485527   0.9479896   0.9475234   
        0.9468080   0.9469628   0.9469683   0.9465806   
        0.9468755   0.9466828   0.9471480   0.9470276   
        0.9470209   0.9468378   0.9464890   0.9462101  
        0.9459322   0.9449111   0.9435923   0.9416961   
        0.9401403   0.9387150   0.9374595   0.9347988   
        0.9319339   0.9295776   0.9268476   0.9243815   
        0.9224647   0.9208075   0.9195780   0.9183103   
        0.9171674   0.9164810   0.9160877   0.9151877  
        0.9148492   0.9142842   0.9142084   0.9138089   
        0.9137760   0.9137531   0.9141592   0.9136598   
        0.9125727   0.9108481   0.9093652   0.9080561   
        0.9062355   0.9046820   0.9028210   0.9018152   
        0.9008504   0.9000632   0.8995758   0.8989593  
        0.8987811   0.8992507   0.8999549   0.9013391   
        0.9020863   0.9025120   0.9023982   0.9015658   
        0.9008633   0.8996401   0.8981582   0.8969440   
        0.8946483   0.8925536   0.8906261   0.8889833   
        0.8870751   0.8845615   0.8825631   0.8811586  
        0.8796447   0.8779839   0.8765292   0.8754975   
        0.8739760   0.8725729   0.8714029   0.8706908   
        0.8710466   0.8699325   0.8697992   0.8718969   
        0.8713725   0.8701416   0.8695096   0.8698574   
        0.8700698   0.8694080   0.8693934   0.8693246  
        0.8698239   0.8696592   0.8681608   0.8656288   
        0.8654716   0.8640761   0.8639477   0.8635154   
        0.8630069   0.8623275   0.8623751   0.8627441   
        0.8630516   0.8638958   0.8644919   0.8655882   
        0.8666160   0.8676174   0.8692035   0.8695340  
        0.8703975   0.8714244   0.8715467   0.8713564   
        0.8712272   0.8714187   0.8701625   0.8697796   
        0.8688766   0.8682391   0.8680181   0.8676605   
        0.8672657   0.8679592   0.8675538   0.8686572   
        0.8682060   0.8688578   0.8693632   0.8689557  
        0.8681611   0.8684876   0.8680010   0.8675498   
        0.8675414   0.8677824   0.8665875   0.8668503   
        0.8665696   0.8671130   0.8669835   0.8671956   
        0.8683699   0.8685648   0.8682314   0.8683055   
        0.8694246   0.8689486   0.8693868   0.8694460  
        0.8701811   0.8704424   0.8709887   0.8712862   
        0.8721344   0.8724745   0.8727338   0.8740577   
        0.8748575   0.8747587   0.8762293   0.8772818   
        0.8779803   0.8791369   0.8807610   0.8813813