       -0.0036189  -0.0107326  -0.0357575  -0.0199025  -0.0268988  
       -0.0458035  -0.1067330  -0.1013470  -0.0089873   0.0614024  
       -0.0024519  -0.0111489  -0.0552112   0.0015246  -0.0248343  
       -0.0227242  -0.0621471  -0.0977514  -0.0291845   0.0449263  
        0.0030866   0.0003667  -0.0769359   0.0242423   0.0167816  
       -0.0266578  -0.0145453  -0.0207119  -0.0309243  -0.0287100  
        0.0362763   0.1269156  -0.0941633  -0.0524558   0.0621878  
       -0.0331482   0.0164898  -0.0062478   0.0276787   0.0014637  
        0.0393517   0.1177192  -0.0421300  -0.1202559  -0.0664961  
        0.0741313   0.0287669   0.0501746   0.0506316   0.0914001  
        0.0002204  -0.0087577  -0.0449563   0.0327884  -0.0167350  
        0.0526362  -0.0313638   0.0499965   0.0695323   0.0616089  
        0.0112971  -0.0362747  -0.0328459   0.0031088  -0.0465960  
       -0.0110655  -0.0633873   0.0473527   0.0344864  -0.0452882  
        0.0207165  -0.0652447  -0.0579818   0.0071345  -0.0130217  
       -0.0274127   0.0848268   0.0065488   0.0052432  -0.0071355  
        0.0836001  -0.0290997  -0.0019292  -0.0057489   0.0253799  
        0.0964016   0.0197362   0.0286795  -0.1536087   0.0228268  
        0.0887494   0.0377112   0.0174746   0.1030488  -0.0500023  
        0.0222185   0.0446731  -0.0709027   0.0504857   0.0019073